COSMOS 1408 DEB         
1 49527U 82092Q   24317.79546985  .00148578  00000+0  82861-2 0  9997
2 49527  82.3695 233.6780 0246833 321.3864  36.9919 14.90733564156881
COSMOS 1408 DEB         
1 49537U 82092AA  24317.93644123  .00037792  00000+0  11271-2 0  9999
2 49537  82.5454 145.8286 0091368 259.9268  99.1655 15.30355111164528
COSMOS 1408 DEB         
1 49539U 82092AC  24318.15159460  .00681823  00000+0  13389-1 0  9992
2 49539  82.1507 206.4616 0121468 345.1795  14.5896 15.37641177156878
COSMOS 1408 DEB         
1 49619U 82092DL  24317.95514564  .00163166  00000+0  51525-2 0  9998
2 49619  81.9280 169.0420 0168285 344.2839  15.3203 15.19589238157136
COSMOS 1408 DEB         
1 50032U 82092RU  24317.83866473  .00009142  00000+0  22348-3 0  9990
2 50032  82.5624 101.7084 0017031 198.6981 161.3642 15.40488664165139
COSMOS 1408 DEB         
1 50058U 82092SW  24317.91402057  .00022756  00000+0  49121-3 0  9995
2 50058  82.6122 115.9650 0026502 109.2814 251.1305 15.44012964166756
COSMOS 1408 DEB         
1 50351U 82092ABM 24317.80066790  .00148067  00000+0  26359-2 0  9990
2 50351  82.5089 147.7108 0080118 279.3443  79.8754 15.46058416164164
COSMOS 1408 DEB         
1 50404U 82092ADS 24317.80679514  .00077259  00000+0  66888-2 0  9998
2 50404  82.2363 240.4733 0370587  54.9513 308.5861 14.56259635153375
COSMOS 1408 DEB         
1 50621U 82092ALR 24317.70788730  .00025152  00000+0  64043-3 0  9996
2 50621  82.5730 119.4509 0042261 149.7703 210.5994 15.38482699161425
COSMOS 1408 DEB         
1 50689U 82092APM 24317.76242117  .00095973  00000+0  81476-3 0  9997
2 50689  82.5036  88.6557 0025384  35.3111 324.9825 15.68886108161663
COSMOS 1408 DEB         
1 51184U 82092AZJ 24317.79348726  .00061349  00000+0  68140-3 0  9997
2 51184  82.4861  84.9354 0013905  44.4977 315.7395 15.62555727159593
COSMOS 1408 DEB         
1 51435U 82092BKH 24317.71539043  .00107710  00000+0  13975-2 0  9990
2 51435  82.5446 117.7269 0033392 165.2537 194.9701 15.57784332156986
COSMOS 1408 DEB         
1 52066U 82092BUU 24317.82605514  .00091189  00000+0  24503-2 0  9991
2 52066  82.5100 155.4875 0105769 316.9847  42.3159 15.32006333148999
